
21 
21 
21 
21 
21 
21 
21 
21 
21 
21 
2 
2 
2 
2 
2 
2 
2 
2 
2 
2 
2 
2 
2 
2 
8 
8 
3 
3 
3 
3 
3 
3 
3 
3 
3 
3 
3 
3 
3 
3 
3 
23 
23 
23 
23 
3 
3 
3 
2 
22 
2 5 
2 
4 
4 
4 
2 
2 
2 
2 
2 
2 
2 
2 
2 
22 
22 
22 26 
22 
22 
22 
22 
2 
2 
2 
2 
2 
2 
2 
22 
22 
22 
22 
22 
22 
2 
2 25 24 23 
2 
2 
2 
2 
2 
2 
2 
2 
2 
2 
2 
2 
2 
2 
2 
2 
2 
2 
2 
2 
2 
2 
2 
2 
2 
2 
2 
2 
2 
2 
2 
2 
2 
2 
2 
2 
2 
2 
2 
2 
2 
2 
2 
2 
2 26 
2 
2 
2 
2 
2 
2 
2 
2 
2 
2 
2 
2 
2 
2 
2 
2 
2 24 
2 
2 
2 
2 
22 
22 
22 
22 
22 
22 
22 
22 
2 
4 
4 
4 
4 
4 
4 
4 
4 
4 
4 
4 
4 
4 
4 
4 
4 
4 
4 
4 
4 
4 
4 
4 
4 
4 
4 
4 
4 
4 
4 
4 
4 
4 
4 
4 
4 
4 
4 
1 
1 
1 
1 
1 
1 
1 
1 
1 
1 
1 
1 
1 
1 
1 
1 

