
11 
11 
11 
11 
11 
11 
11 
11 
11 
11 
11 
11 
31 
31 
31 
31 
31 
31 
31 
31 
31 
31 
31 
31 
10 
10 
10 
11 
11 
12 
12 
32 
32 
32 
32 
32 
32 
32 
32 
32 
32 
32 
11 
11 
11 
32 
32 
32 
32 
32 
12 
12 
12 
11 
11 
11 
11 
11 
11 
11 
11 
11 
11 
11 
12 39 
12 
12 
12 
12 
12 
12 
12 
12 
12 
12 
12 
12 
11 
11 
11 39 34 36 
11 
11 
11 
11 
11 
11 
11 
11 
11 
11 
11 
11 
11 
11 
11 
11 
11 
11 
11 
11 
11 
11 
31 
31 
31 
31 
31 
31 
31 
31 
31 
31 
31 
31 
31 
31 
31 
31 
31 
31 
31 
11 
11 
11 
11 
11 
11 
11 
11 
11 
11 
11 
31 
31 
31 
31 
31 
31 
31 
11 
11 
11 
11 
11 13 
11 
11 
31 
31 
31 
31 
31 
31 
31 
31 
31 
31 
31 
31 
31 
31 
31 
31 
11 
11 
11 
13 
13 14 
13 
13 
13 
13 
13 
13 
13 
13 
13 
13 
33 
33 
33 
33 
33 
33 
33 
13 
13 
13 
13 
13 
13 
13 
13 
13 
13 
33 
33 
33 
33 
12 
12 
12 
12 
12 
32 
10 
10 
10 
10 
10 
10 
10 
10 
10 
10 
10 
10 
10 
10 
10 
10 
10 
10 
10 
30 
10 
10 
10 
10 
10 
10 
10 
10 
10 
10 
10 
10 
10 
10 
10 
10 
10 
10 
30 
30 
30 
30 
30 
10 
10 
10 
33 
