
3 
3 
3 
3 
3 
3 
3 
3 
3 
3 
3 
3 
3 
3 
3 
3 
3 
3 
3 
3 
3 
3 
3 
3 
3 
3 
3 
3 
3 
3 
3 
3 
3 
3 
3 
3 
3 
22 
22 
22 
22 
22 
22 
22 
22 
22 
22 
3 
3 
3 
3 
3 
3 
23 
23 
23 
3 
3 
3 
3 
3 
3 27 20 4 
3 
3 
3 
3 
3 
3 
3 
22 
22 
22 
22 
2 
2 
2 
2 
20 
20 
20 
20 
20 
20 
20 
20 
20 
20 
20 
20 
20 
20 
20 
20 
20 
20 
3 
3 
23 
23 
3 
3 
3 
3 
3 
3 
3 
3 
3 
3 
3 
3 
3 
3 
3 
3 
3 
3 
3 
3 
3 
3 
3 
3 
3 
3 
3 
3 
23 
23 
23 
23 
23 
23 
3 
4 
24 
24 
24 
24 
24 
24 
24 
24 
24 
24 
4 
4 
4 
4 
4 
4 

4 
4 
24 
24 
24 
24 
24 
3 
3 
5 
5 
5 
5 
5 
5 
5 
5 28 23 24 
5 
5 
5 
5 
25 
25 
25 
25 
25 
25 
25 24 22 27 
25 
25 
25 
25 
25 
25 
25 
4 
4 
4 
4 
4 
4 
4 
4 
4 
4 
4 
4 
4 
4 
4 
4 
4 
4 
4 
4 
4 
4 
3 
5 
5 
25 
25 

