
19 
19 
19 
19 
19 
19 
19 
39 
39 
39 
19 
19 
19 
19 
19 
19 
19 
19 
19 
19 
19 
19 
19 
19 
19 
19 
19 
19 
19 
19 
19 
19 
19 
19 
19 
19 
19 
19 
19 
19 
19 
19 
19 
19 
19 
19 
19 
19 
39 
39 
39 
39 
39 
39 
39 
18 
18 
18 
18 
18 
18 
18 
18 
18 
18 
18 
18 
18 
18 
18 
18 
18 
18 
18 
18 
39 
39 
39 
39 
39 
39 
39 
39 
39 
39 
39 
39 
19 
19 
19 
19 
19 
19 
18 
18 
18 
18 
18 
18 
18 
18 
18 
18 
18 
18 
18 
18 
18 
18 
18 
18 
18 
18 
18 
18 
18 
38 
38 
38 
38 
38 
38 
38 
38 
38 
18 
18 
18 
18 
18 
18 
18 
18 
18 
18 
18 
18 
18 
18 
18 
18 
18 
18 
18 
38 
38 

38 
38 
38 
38 
38 
38 
38 
38 
19 
19 
19 
19 
19 
19 
38 
38 
38 
10 
10 
10 
10 
10 
10 
19 
19 
19 
19 
19 
39 
39 
39 
39 30 32 34 
39 
10 
10 
10 
30 
30 
30 
30 
30 
39 
39 
39 
39 
39 
39 
39 
30 
30 
30 
30 
30 
30 
30 
30 
30 
30 31 14 35 
30 
30 
30 
30 
30 
30 
30 
39 
30 
30 

