
14 
14 
14 
14 
14 
14 
14 
11 
11 
11 
11 
11 
11 
11 
11 
11 
11 
11 
11 
11 
11 
11 
11 
11 
11 
11 
31 
31 
31 
31 
31 
31 
31 
31 
31 
31 
31 
31 
31 
31 
31 
31 
31 
11 
11 
10 
17 
17 
17 
17 
17 
17 
17 
17 
17 
17 
17 
17 
17 
17 
17 
17 
17 
17 
37 
37 
37 
37 
37 
37 
37 
17 
17 15 10 18 
17 
17 
17 
17 
17 
17 
17 
17 
17 
17 
17 
37 
37 
37 
37 
37 
17 
17 
17 
17 
17 
17 
17 
17 
17 
17 
17 
17 
17 
17 
30 
30 
30 
30 
30 
30 
30 
30 
30 
30 
30 
30 
30 
30 
30 
30 
30 
30 
30 
17 
17 
30 
30 
30 
30 
30 
11 
11 
11 
11 
11 
11 
11 
11 
11 
10 
10 
10 
10 
10 
10 
10 
10 
10 
10 
10 
12 
12 
12 
12 
32 
32 
32 
32 
32 
32 
32 
12 
12 
12 
12 
12 
12 
13 
13 
13 
13 
13 
13 
13 
13 14 17 11 
13 
13 
13 
13 
13 
13 
13 
13 
13 
33 
33 
33 
33 
33 
33 
33 
33 
33 
33 
13 
13 
13 
13 
13 
13 
12 
12 
12 
12 
12 15 16 17 
12 
12 
12 
12 
12 
12 
12 
12 15 10 31 
12 
12 
