
21 
21 
21 
21 
1 
1 
21 
21 
21 
21 
21 
21 
21 
1 
1 
1 
1 
1 
1 
1 
21 
21 
1 
1 
1 
1 
1 
1 
1 
1 
1 
1 
1 
1 
1 
1 
1 
1 
21 
1 
23 
24 
23 
23 
23 
23 
23 
23 
23 
3 
3 
3 
3 
3 
3 
3 
3 
3 
3 
3 
23 
23 
23 
23 
23 
23 
23 
23 
23 
23 
23 
3 
3 
3 
3 
3 
3 
3 
23 
23 
23 
23 
23 
23 24 25 26 
23 
23 
23 
23 
23 
24 
24 
24 
24 
24 
24 
24 
24 
1 
1 
1 
1 
1 
1 23 4 6 
1 
1 
1 
1 37 
1 
1 
1 
1 
1 
1 
1 
1 
1 
21 
21 
21 
21 
1 
1 
1 
1 
1 
1 
1 
1 
1 
1 
1 
1 
1 
1 
1 
21 
21 
21 
21 
21 
21 
1 
1 
1 
1 
1 
1 
1 
1 
21 
23 
23 
23 
23 
23 
23 
23 
23 
23 
23 
23 
3 
23 
23 
3 
3 
3 
3 
3 
23 
23 
23 
23 
23 
23 
23 
23 
23 
23 
23 
23 
23 
3 
3 
23 
23 
23 
23 
3 
3 
21 
21 
21 
21 
1 
1 
1 
1 
1 
1 
21 
21 
21 
1 
1 
1 
1 
1 
1 
1 
1 
1 
21 

