
6 
6 1 9 25 
6 
7 1 3 27 
5 21 3 28 
5 
5 6 3 28 
5 6 3 28 
8 
5 6 9 27 
6 
5 6 9 27 
5 
20 3 
20 6 3 7 
0 
20 
20 6 3 28 
20 26 3 28 
20 
20 8 9 7 
20 2 3 28 
20 
20 2 3 28 
2 3 28 
20 2 3 7 
20 2 9 7 
21 23 6 28 
21 
1 
1 
1 23 9 28 
1 25 9 28 
1 
20 23 9 7 
20 23 9 7 
1 
1 23 9 27 
21 23 6 27 
1 
1 23 6 27 
1 25 9 28 
1 
20 
20 23 24 27 
20 5 6 9 
0 5 
5 6 9 
20 5 6 9 
8 3 6 27 
8 3 6 27 
3 6 27 
0 23 6 27 
8 
21 5 6 9 
8 7 6 9 
8 
8 7 6 9 
8 5 6 9 
28 5 6 9 
28 7 26 9 
28 7 26 9 
1 7 26 9 
21 9 24 27 
28 5 24 9 
28 5 24 9 
20 5 26 9 
20 5 6 9 
21 7 6 9 
21 5 6 9 
21 5 6 9 
20 6 
20 5 6 9 
20 5 6 9 
20 6 
20 1 6 27 
20 1 6 27 
5 
21 5 4 27 
21 5 4 27 
22 1 4 7 
22 1 4 7 
20 1 6 7 
20 1 4 9 
20 1 4 7 
22 1 4 7 
23 5 4 9 
23 5 4 9 
23 5 6 20 
23 25 6 20 
23 25 6 9 
3 25 6 9 
3 25 6 9 
3 
3 8 26 9 
3 8 26 9 
3 8 4 9 
3 
3 
3 8 4 21 
22 20 26 27 
20 4 27 
23 20 4 27 
23 8 4 2 
23 8 4 2 
23 8 4 2 
23 8 4 27 
22 8 26 27 
22 26 27 
22 0 4 5 
4 
23 
23 8 26 5 
23 8 1 27 
24 8 26 5 
24 8 26 5 
24 8 26 5 
24 28 26 5 
24 28 26 5 
4 28 26 5 
23 1 26 25 
23 28 26 25 
3 28 1 25 
3 28 1 25 
3 
3 2 1 25 
24 8 1 3 
1 
4 8 29 23 
4 8 29 23 
4 8 29 23 
4 3 0 5 
4 3 0 5 
4 8 0 5 
4 8 20 5 
24 28 20 5 
4 28 20 5 
1 
1 3 29 26 
1 3 20 5 
1 3 20 5 
1 28 0 5 
1 28 20 5 
4 28 20 25 
4 
1 8 29 26 
21 8 29 5 
21 3 20 5 
21 3 20 5 
21 23 20 5 
21 8 20 5 
1 8 20 5 
1 
1 
24 8 20 5 
8 20 5 
1 
29 26 
21 27 29 26 
21 
21 
27 3 5 
21 
21 8 3 5 
3 
4 
4 8 0 5 
21 7 0 5 
20 
21 7 0 5 
21 8 0 26 
21 8 20 26 
21 8 20 26 
21 7 20 5 
1 7 20 5 
1 7 0 5 
1 7 3 5 
1 7 3 5 
4 
4 7 3 25 
1 8 20 2 
1 8 20 25 
1 8 20 25 
1 8 20 25 
21 8 20 25 
21 28 20 2 
21 7 20 2 
21 7 23 4 
21 28 20 9 
21 28 20 9 
21 28 20 9 
21 9 20 2 
21 9 20 2 
4 7 20 9 
4 7 20 9 
2 7 23 9 
22 7 23 9 
22 7 23 9 
22 7 23 9 
22 8 23 9 
22 8 23 9 
21 7 23 22 
21 
21 7 23 2 
1 7 23 2 
1 7 23 2 
21 
