
16 
16 
16 
16 
16 
16 
16 
16 
16 
16 
16 
34 
34 
14 
14 
14 
14 
14 
14 
14 
14 
14 
14 
14 
14 
14 
14 
14 
14 
16 
16 
16 
16 
36 
36 
36 
36 
36 
36 
36 
36 
36 
36 
36 
36 
36 
36 
36 
36 
36 
36 
36 
36 
36 
36 
36 
16 
16 
16 
16 
16 
16 
16 
14 
14 
14 
14 
14 
14 
14 
14 
34 
34 
34 
34 
34 
34 
34 
34 
34 
34 11 15 37 
34 
14 
14 
14 
14 
14 
14 
14 
16 
36 
14 
14 
14 
14 
36 
36 
16 
16 
16 
16 
16 
16 
16 
16 30 
16 
16 
16 
16 
36 
36 
36 
36 
36 
36 
36 
36 
36 
36 
36 
36 
36 
36 
36 
36 
36 
36 
36 
36 
16 
16 
16 
16 
16 
16 
16 
16 
16 
16 
16 
16 
16 
16 
16 
16 
16 
16 
16 
16 
14 
14 
14 
14 
14 
14 
14 
14 
14 
14 
16 
16 
16 
16 
16 
16 
16 
16 
36 
36 
36 
36 
36 
16 
0 
10 
10 
10 
10 
10 
10 
10 
10 
10 
10 
10 
10 
11 
11 
11 
11 
11 
11 
14 
14 
14 
14 
14 
14 
14 
14 
14 
14 
14 
14 
14 
34 
34 
34 
34 
34 
34 
34 
34 
14 
14 
14 
