
30 
30 
30 
30 
30 
30 
30 
30 
30 
30 
30 
39 
39 
39 
39 
39 
39 
39 
39 
39 
19 
19 
19 
19 
19 
19 
19 
19 
30 
30 
30 
30 
30 
30 
30 
30 
30 
10 
10 
10 
10 
10 
10 
10 
10 11 
10 
10 
10 
10 
19 
19 
19 
19 
19 
19 
19 
19 
19 
19 
19 
19 
19 
39 
39 
39 
39 
39 
39 
19 
19 
19 
19 
19 
19 
19 
19 
19 
19 
19 
10 
10 
19 
19 
19 
19 
19 
19 
19 
19 
19 
19 
19 
19 
39 
39 
39 
39 
39 
39 
39 
39 
39 
39 
39 
39 
19 

19 
19 
19 
19 
19 
19 
19 
19 
19 
19 
19 
19 
10 
10 
10 
10 
10 
10 
10 
10 
10 
10 
10 
10 
10 
10 
10 
10 
10 
10 
10 
10 
10 
10 
10 
10 
10 
10 
10 
30 
30 
30 
30 
30 
10 
10 
10 
10 
10 
10 
10 
30 
30 
30 
30 
30 
10 
10 
10 
10 
30 
30 
30 
30 31 12 33 
30 
30 
30 
30 
30 
30 
10 
10 
10 
10 
10 
10 
10 
10 
10 
10 
10 
10 
10 17 
10 
30 
30 
30 
30 
10 
30 
30 
30 
30 
30 
30 
30 
30 
30 
10 
30 
30 
30 
30 
30 
30 
30 

