
21 
21 
21 
21 
21 
21 
21 
1 
1 
1 
1 
1 
1 
1 
1 
21 
21 
21 
21 
21 
21 
21 
1 
21 
21 
21 
1 
1 
1 
1 
21 
1 
1 
1 
1 
1 
1 
1 
1 
1 
1 
1 
1 
21 
20 
20 
0 
0 
2 
2 
2 
2 
2 
2 
0 
0 
20 
20 
20 
20 
20 
20 
0 
20 
20 
0 
0 
20 
20 2 6 28 
20 
20 
20 
20 
20 
20 
20 
20 
20 
20 
20 
20 
0 
0 
20 
0 
0 
0 
20 
20 
20 
20 
20 
0 
20 
20 
20 22 3 24 
20 
20 
20 
20 
20 
20 
20 
0 
20 
20 
20 
20 
20 
20 
20 
20 
0 
0 
0 
0 
0 
20 
20 
20 
3 
3 
1 
1 
1 
1 
1 
1 
1 
1 
2 
2 
2 
2 
2 
22 
22 
22 
22 
2 
1 
1 
1 
1 
1 
1 
1 
1 
1 
1 
1 
3 
21 
21 
21 
21 
21 
21 
21 
21 
21 
21 
21 
3 
3 
3 
3 
3 
21 
21 
21 
21 
22 
22 
2 
2 
2 
2 
2 
2 
2 
2 
2 
2 
2 
2 
2 
2 
2 
22 
22 
22 
22 
22 
2 
2 
3 23 
3 
3 
3 
3 
23 
2 
2 
2 
2 
2 
2 
2 
2 
2 
23 
23 
23 
23 
23 
