
21 
21 
21 
21 
21 
21 
21 
21 
25 
25 
25 
25 
25 
25 
25 
25 
25 
25 
25 
25 
25 
25 
25 
25 
5 
5 
5 
5 
5 
5 
5 

5 
5 
5 
5 
5 
21 
21 
21 20 
1 
1 
1 
1 
21 
21 
1 
1 
1 
1 
1 
1 
1 
1 
1 
5 
5 
5 
5 
5 
5 
5 
5 
5 
5 
5 
5 
5 
5 
5 
5 
5 
5 
5 
5 
5 
5 
5 
5 
1 
1 24 25 26 
1 
1 
1 
21 
5 
0 
0 
0 
20 
20 
20 
20 
20 
20 
20 
20 
0 
21 
21 
21 
21 
21 
21 
21 
1 
1 
1 
1 
1 
1 
1 
1 
1 
1 
1 
1 
1 
1 
1 
1 
1 
21 
21 
21 
21 
21 
21 
1 
1 
1 
0 
0 
20 
20 
20 
20 
20 
20 
20 
20 
20 
1 
1 
1 
1 
21 
21 
1 
1 
1 
1 
1 
1 
21 
21 
21 
21 
21 
21 
1 
1 
1 
1 
1 
1 
1 
1 
1 
1 
1 
1 
1 
1 
1 
1 
1 
1 
21 
21 
21 
21 
21 
21 
21 
21 
1 
1 
1 
1 
1 
1 
1 
1 
2 
2 
2 
2 
2 
2 
2 
2 
2 
2 
2 
2 
2 
2 
2 
1 
1 
1 
1 
1 
1 
21 
