
7 
7 20 1 23 
7 
24 
20 
1 
1 
6 
2 
20 
20 
6 
6 
24 
20 
20 
1 
20 
20 
2 
1 
1 
4 
21 
6 21 
4 
21 
4 
24 23 5 3 
5 
24 
29 
24 
24 20 5 3 
24 20 5 3 
3 
24 20 5 3 
24 20 5 3 
24 20 5 3 
20 
24 20 5 3 
24 20 5 3 
24 20 5 3 
20 
8 20 5 2 
8 20 5 2 
8 20 5 2 
5 
8 0 5 2 
8 
8 0 5 2 
8 0 5 2 
0 
8 0 21 2 
8 0 21 2 
2 
8 20 21 22 
8 20 21 22 
0 
8 20 21 22 
8 20 21 22 
21 
8 20 21 22 
8 20 21 22 
1 
8 20 1 22 
8 20 23 22 
8 
8 
8 
8 24 23 22 
28 24 23 22 
28 24 23 22 
23 
28 25 23 22 
28 25 23 22 
28 5 23 22 
28 5 23 22 
28 5 23 22 
28 5 7 3 
3 
28 5 7 3 
28 5 7 3 
28 5 7 3 
3 
28 5 7 23 
28 
6 5 7 23 
1 26 7 23 
7 
1 26 7 23 
1 26 7 23 
5 
1 5 7 23 
1 26 7 23 
23 
1 26 20 23 
1 26 20 23 
1 26 20 23 
1 26 20 23 
28 5 20 23 
28 5 20 3 
28 
28 7 20 3 
8 7 20 3 
8 
8 7 20 3 
20 
8 7 20 3 
8 22 20 3 
28 22 20 3 
22 
28 22 20 3 
1 22 20 23 
1 22 20 23 
20 
4 22 20 23 
4 22 20 23 
4 22 8 26 
4 22 8 26 
4 22 28 26 
20 22 28 26 
20 
20 22 8 26 
8 
20 22 8 26 
28 23 20 26 
26 
28 23 20 26 
28 3 20 26 
26 
28 22 9 26 
28 22 9 26 
9 
28 22 9 26 
28 22 9 26 
9 
28 22 9 26 
28 2 9 26 
9 
8 22 9 26 

