
21 
1 
1 
1 
1 
1 
1 
1 
1 
1 
1 
1 
1 
1 
1 
1 
1 
1 
21 
21 
1 
1 
1 
1 
1 
1 
1 
1 
1 
1 
1 
21 
21 
21 
1 2 
1 
1 
1 
1 
1 
1 
2 
2 
2 
2 
2 
2 
2 
2 
2 
2 
2 
2 
2 
2 
2 
2 
2 
22 
22 
2 
2 
2 
2 
2 
2 
2 
2 
22 
22 
22 
22 
22 
22 
22 
22 
1 
21 
21 
21 
22 
22 
2 
2 
2 
2 
2 
2 
2 
2 
2 
2 
2 
2 
2 
2 
2 
2 
2 
2 
2 
2 
2 
2 
2 
2 
2 
21 
21 
21 
21 
21 
21 
21 
21 
21 
21 
21 
21 
21 
21 
21 
21 
21 
21 
21 
21 
21 
21 
21 
21 
21 
21 
21 27 
21 
2 
2 
2 
2 
21 
21 
2 
2 
2 
2 
2 
2 
2 
2 
2 
2 
2 
2 23 
2 
22 
22 
22 
22 
2 
2 
2 
21 
21 
21 
21 
1 
1 
1 
1 
1 
1 
1 
1 
22 
22 
22 
1 
1 
1 
1 
1 
1 
1 
1 
21 
21 
21 
21 
21 
1 
1 5 
22 
22 
2 
2 
2 
2 
2 
2 
2 
2 
2 
2 
2 
2 
2 
2 
2 
2 
22 
22 
22 
2 
2 

