
20 
20 
20 
20 
20 
20 
20 
20 
20 
20 
20 
20 
20 
20 
20 
20 
20 
20 
20 
20 
20 
20 
20 
20 
20 
20 
20 
20 
20 
20 
20 
20 
20 
20 
20 
20 
20 
20 
20 
20 
20 
20 
20 
20 
0 
0 
20 
20 
20 
20 
20 
20 
20 
0 
20 
20 
20 
20 
20 
20 
0 
0 
0 
0 
0 
0 
0 
0 
0 
0 
0 
0 
0 
20 
0 
20 
20 
20 
0 
20 
0 
20 
20 
20 
20 
20 
20 
20 
20 
20 
20 
20 
20 
20 
20 
20 
20 
20 
0 
3 
3 
3 
3 
3 
3 
3 
3 
3 
23 
23 
23 
3 
3 
23 
23 
23 
23 
23 
3 
3 
3 
3 
3 
3 
3 
3 
3 
3 
3 
3 
3 
3 
3 
3 
3 
3 
3 
3 
3 
3 
3 
3 
3 
3 
3 
3 
3 
3 
3 
3 
3 
3 
23 
23 
23 
23 
3 
3 
3 
3 
3 
3 
23 
23 
23 
23 
23 
23 
23 
23 
23 
23 
23 
23 
3 
3 
1 
1 
1 
1 
1 
1 
1 
1 
1 
1 
1 
1 
1 
1 
1 
1 
1 
1 
1 
21 
21 
21 
21 
21 
21 
21 
21 
21 
21 
1 
1 
1 
1 
1 
1 
1 
1 
21 
1 
1 
1 
1 
1 
1 
1 
1 
1 
1 
1 
21 
21 
21 
21 
21 
21 
21 
1 
1 
1 
1 
1 
1 
1 
1 
21 
21 
21 
21 
21 
21 
21 
21 
1 
1 
1 
1 
1 
21 
21 
21 
21 
1 
1 
1 
1 
21 
1 
1 
1 
21 
21 
21 
21 
21 
21 
21 
21 
1 
1 
1 
1 
1 
1 
1 
1 
1 
1 
1 
1 
21 
21 
21 
21 
1 
1 
1 
1 
21 
21 
21 
21 
21 
21 
21 
21 
21 
21 
21 
21 
21 
21 
21 
21 
21 
21 
21 
1 
1 
1 
1 
21 
21 
21 
21 
21 
21 
21 
21 
21 
21 
21 
21 
21 
1 
1 
1 
1 
1 
1 
1 
1 
1 
1 
1 
1 
1 
1 
1 
1 
1 
1 
1 
1 
21 
1 
1 
1 
1 
21 
1 
1 
1 
1 
1 
1 
1 
1 
1 
1 
1 
1 
1 
4 
4 
4 
4 
4 
4 
4 
4 
4 
4 
4 
4 
4 
4 
4 
4 
4 
4 
4 
24 
24 
24 
24 
24 
24 
24 
24 
24 
24 
24 
24 
24 
24 
24 
24 
24 
24 
24 
4 
4 
4 
4 
4 
4 
4 
4 
4 
4 
4 
4 
4 
4 
4 
4 
4 
4 
4 
4 
4 
4 
4 
4 
4 
4 
4 
4 
4 
4 
4 
4 
4 
4 
4 

