
2 
2 
2 
2 
2 
2 
2 
2 
2 
2 
2 
2 
2 
2 
2 
2 
22 
22 
22 
22 
22 
22 
22 
22 
2 
2 
2 
2 
2 
2 
9 
9 
9 
9 
9 
1 
1 
1 
1 
1 
21 
21 
21 22 
21 
21 
21 
21 
1 
1 
1 
1 
2 
2 
2 
22 
22 
22 
22 
22 
22 
2 
2 
2 
2 
2 
2 
2 
2 
2 
3 
3 
3 
3 
3 
3 
3 
3 
3 
3 
3 
23 
23 
23 
22 
22 
22 
22 
22 
22 
22 
22 
22 
22 
22 
22 
22 
22 
22 
2 
2 
23 
23 
3 
3 
3 
3 
3 
4 
4 
4 
4 
4 
1 
1 
1 
1 
1 
1 
1 
1 
1 
1 
21 
21 
21 
21 
21 
21 
1 
1 
1 
21 
21 
21 
21 
21 
1 
21 
21 
21 
21 
21 
21 
1 24 
1 
1 
22 
22 
22 
22 
2 
2 
2 
2 
4 
4 
22 
22 
2 
2 
2 
2 
2 
22 
22 
22 
2 
2 
2 
2 
2 
2 
2 
2 
22 
22 
22 
2 
2 
2 
2 
2 
2 
2 
2 
2 
2 
2 
22 
2 
2 
2 
2 
2 
2 
2 
22 
22 
22 
2 
2 
2 
2 
2 
2 
2 
2 
2 
22 
22 
22 
22 
2 
2 
2 

