
14 
14 
14 
14 
14 
14 
14 
14 
14 
14 
14 
14 
14 
14 
14 
14 
14 
14 
14 
14 
14 
14 
14 
14 
14 
14 
14 
14 
14 
14 
14 
14 
14 
14 
15 
35 
35 
35 
15 
14 
14 
14 
14 
14 
14 
15 
15 
15 
15 
15 
15 
15 
15 
15 
35 
35 
35 
15 
35 
35 
35 
35 
35 
35 
35 
35 
35 
35 
35 
35 
35 
35 
35 
35 
35 
14 
14 
17 
17 
17 
17 
14 
14 
14 
14 
14 
14 
14 
14 
14 
14 
14 
34 
34 
34 
34 
14 
14 
14 
14 
14 
14 
14 35 36 37 
14 
14 
14 
14 
14 
14 
14 
14 
17 
17 
17 
17 
10 
10 
10 
10 
10 
10 
10 
10 
14 
14 
14 
14 
14 
14 
14 
14 
14 
14 
14 
10 
10 
10 
30 
30 
30 
30 
30 
30 
30 
30 
30 
30 
30 
10 
10 
10 
10 
10 
30 
30 
10 
10 
10 
10 
10 
10 
10 
11 
11 
11 
11 
11 
11 
11 
11 
11 
11 
11 
11 
11 
11 
11 
11 
31 
11 
11 
11 
11 
11 
11 
11 
11 
11 
11 
11 
11 
11 
11 
11 
11 
11 
11 
31 
31 
31 
31 
31 
31 
31 
31 
31 
31 
31 
31 
31 
31 
10 
10 
10 
10 
10 
30 
30 
30 
30 
30 
30 
30 
30 
30 
30 
30 
30 
30 
30 
30 
10 
10 
10 
10 
10 
