
9 
8 22 26 29 
8 
4 
29 
29 
26 
4 
26 
4 
0 
20 
20 
4 
0 
0 
23 
8 
7 
23 
6 
6 
6 
23 
6 
6 4 
8 
6 

23 
6 
6 
8 
2 
8 
8 
0 
0 
0 
8 
0 
0 5 8 22 
6 5 8 22 
6 24 8 2 
0 5 8 4 
20 5 8 24 
20 5 8 2 
20 5 8 22 
20 5 8 22 
20 5 8 22 
20 
20 5 28 22 
20 5 28 22 
20 5 28 22 
6 24 7 5 
6 24 7 5 
6 24 7 5 
6 24 7 5 
6 24 7 5 
6 24 7 5 
6 24 
20 9 7 5 
20 9 7 5 
20 9 7 5 
20 9 7 5 
20 9 7 5 
0 9 7 5 
6 9 28 5 
6 9 28 5 
6 9 28 5 
6 9 7 5 
6 
22 
26 
22 
28 
9 
26 
9 
26 
26 
26 9 7 5 
26 9 7 5 
26 9 7 5 
26 8 7 5 
26 8 7 5 
26 8 7 5 
26 
26 9 28 7 
26 9 28 7 
26 9 28 7 
26 0 28 2 
26 20 28 2 
26 20 28 2 
6 20 28 2 
6 20 8 5 
6 20 8 5 
21 9 8 2 
21 9 8 2 
21 
21 9 8 2 
21 9 8 6 
21 9 8 6 
0 9 8 2 
20 9 8 6 
20 9 8 26 
7 20 21 6 
7 0 21 6 
7 0 21 26 
7 
1 
20 
1 
1 
8 
2 
2 
1 
21 
21 
21 9 8 2 
21 9 8 2 
21 9 8 2 
23 9 20 22 
23 9 20 22 
3 9 20 22 
3 9 20 22 
3 9 20 22 
23 9 20 22 
20 
3 9 20 22 
1 9 20 22 
1 21 20 23 
7 21 20 23 
9 21 20 23 
9 21 20 23 
9 21 20 23 
9 21 20 23 
29 21 20 22 
29 21 0 22 
29 21 0 22 
29 21 0 2 
9 21 20 2 
9 21 20 22 
9 21 20 22 
9 21 20 22 
9 21 20 22 
9 21 0 22 
9 21 0 22 

