
2 
2 
22 
2 
2 
22 
22 
22 
22 
22 
2 
2 
2 
2 
2 
2 
2 
2 
2 
2 
2 
2 
2 
2 
2 
2 
2 
2 
2 
4 
4 
4 
4 
24 
22 
22 
22 
22 
2 
2 
2 
2 
2 
2 
2 
2 
2 
2 
2 
2 
2 
2 
2 
2 
2 
2 
2 
2 
22 
22 
22 
22 
22 
22 
22 
22 
22 
2 
2 
2 
2 
2 
2 
2 
2 
2 
22 
22 
22 
4 
4 
24 
24 
24 
24 
24 
24 
24 
24 
24 
22 
22 
22 
22 
2 
2 
2 
2 
2 
22 
22 
22 
24 
4 
4 
4 
4 
4 
4 
4 
4 
4 
4 
4 
4 
4 
4 
4 
24 
24 
24 
22 
22 
22 
22 
22 
22 
22 
22 
22 
22 
22 
22 
22 
24 
24 
24 
24 
24 
24 
24 
24 
24 
24 
4 
4 
4 
4 
4 
4 
4 
4 
4 
4 
22 
22 
22 
22 
22 
22 
22 
22 
22 
22 
2 
2 
2 
2 
22 
22 
22 
22 
22 
2 
2 
2 
2 
2 
2 
2 
2 
2 
2 
2 
2 
2 
2 
2 
2 
2 
2 
2 
2 
2 
22 4 5 
22 
22 
22 
22 
22 
22 
2 
2 
2 
2 
2 
2 
2 
2 
22 3 5 26 
22 
22 
22 

