1790180984.894 14816595968
1790180985.497 14785822720
1790180986.097 14671093760
1790180986.699 14674743296
1790180987.333 14674743296
1790180987.935 14624411648
1790180988.543 14674743296
1790180989.199 14677037056
1790180989.799 14677037056
1790180990.415 14679134208
1790180991.024 6223384576
1790180991.627 6196842496
1790180992.229 6203166720
1790180992.833 5567762432
1790180993.433 5367398400
1790180994.029 5300158464
1790180994.630 5232918528
1790180995.233 5174067200
1790180995.833 5080285184
1790180996.435 5067685888
1790180997.037 4992466944
1790180997.640 4925227008
1790180998.236 4909293568
1790180998.851 4878499840
1790180999.457 4814594048
1790181000.103 4848734208
1790181000.707 4780019712
1790181001.312 4778913792
1790181001.915 4734267392
1790181002.518 4734529536
1790181003.119 4712472576
1790181003.718 4695691264
1790181004.318 4678856704
1790181004.924 4646076416
1790181005.537 4628848640
1790181006.145 4614406144
1790181006.751 4553134080
1790181007.354 4527910912
1790181007.956 4376645632
1790181008.560 4271988736
1790181009.165 4247691264
1790181009.767 4293025792
1790181010.382 4222889984
1790181010.996 4211326976
1790181011.599 4194111488
1790181012.199 4180975616
1790181012.804 4155793408
1790181013.405 4148441088
1790181014.004 4136886272
1790181014.600 4147093504
1790181015.195 4143947776
1790181015.793 4149878784
1790181016.466 4149878784
1790181017.188 4099547136
1790181017.788 4109639680
1790181018.388 4113833984
1790181018.983 4113833984
1790181019.583 4109635584
1790181020.176 4109635584
1790181020.771 4109635584
1790181021.368 4109635584
1790181021.964 4098625536
1790181022.560 4098625536
1790181023.159 4093038592
1790181023.754 4095135744
1790181024.354 4096528384
1790181024.963 4096528384
1790181025.564 4107014144
1790181026.161 4107014144
1790181026.760 4109111296
1790181027.357 4109111296
1790181027.954 4109111296
1790181028.551 4144087040
1790181029.146 4148281344
1790181029.749 4097949696
1790181030.356 4170559488
1790181030.954 4168720384
1790181031.553 4172189696
1790181032.167 4164902912
1790181032.975 4147351552
1790181033.586 4379353088
