1788879084 12132
1788879104 12593
1788879124 12977
1788879144 13007
1788879164 13077
1788879184 13059
1788879205 13049
1788879225 13046
1788879245 13073
1788879265 13055
1788879285 13057
1788879305 13072
1788879325 13204
1788879345 13198
1788879366 13142
1788879386 13199
1788879406 13251
1788879426 13215
1788879446 13141
1788879466 13231
1788879486 13207
1788879506 13211
1788879526 13201
1788879547 13183
1788879567 13203
1788879587 13194
1788879607 13207
1788879627 13176
1788879647 13200
1788879667 13182
1788879687 13173
1788879708 13159
1788879728 13149
1788879748 13160
1788879768 13183
1788879788 13128
1788879808 13117
1788879828 13174
1788879848 13162
1788879869 13174
1788879889 13257
1788879909 13250
1788879929 13247
1788879949 13262
1788879969 13256
1788879989 13305
1788880009 13272
1788880029 13271
1788880050 13153
1788880070 13160
1788880090 13167
1788880110 13282
1788880130 13164
1788880150 13143
1788880170 13154
1788880190 13247
1788880211 13225
1788880231 13199
1788880251 13225
1788880271 13238
1788880291 13574
1788880311 13410
1788880331 13375
1788880351 13361
1788880371 13348
1788880392 13372
1788880412 13355
1788880432 13390
1788880452 13353
1788880472 13353
1788880492 13338
1788880512 13343
1788880532 13348
1788880553 13361
1788880573 13361
1788880593 13410
1788880613 13432
1788880633 13374
1788880653 13376
1788880673 13380
1788880693 13375
1788880713 13362
1788880734 13354
1788880754 13353
1788880774 13383
1788880794 13352
1788880814 13367
1788880834 13343
1788880854 13435
1788880874 13384
1788880895 13377
1788880915 13370
1788880935 13408
1788880955 13359
1788880975 13377
1788880995 13339
1788881015 13346
1788881035 13344
1788881056 13353
1788881076 13329
1788881096 13276
1788881116 13389
1788881136 13386
1788881156 13317
1788881176 13365
1788881196 13381
1788881216 13329
1788881237 13368
1788881257 13385
1788881277 13341
1788881297 13302
1788881317 13370
1788881337 13317
1788881357 13293
1788881377 13271
1788881398 13293
1788881418 13293
1788881438 13304
1788881458 13278
1788881478 13322
1788881498 13276
1788881518 13259
1788881538 13347
1788881558 13307
1788881579 13399
1788881599 13351
1788881619 13302
1788881639 13288
1788881659 13332
1788881679 13336
1788881699 13384
1788881719 13343
1788881740 13305
1788881760 13321
1788881780 13320
1788881800 13324
1788881820 13326
1788881840 13311
1788881860 13346
1788881880 13320
1788881900 13305
1788881921 13379
1788881941 13328
1788881961 13369
1788881981 13329
1788882001 13437
1788882021 13413
1788882041 13423
1788882061 13473
1788882082 13422
1788882102 13401
1788882122 13379
1788882142 13384
1788882162 13390
1788882182 13412
1788882202 13389
1788882222 13372
1788882243 13379
1788882263 13406
1788882283 13420
1788882303 13399
1788882323 13521
1788882343 13768
1788882363 13800
1788882383 13800
1788882403 13696
1788882424 13430
1788882444 13413
1788882464 13369
1788882484 13389
1788882504 13384
1788882524 13382
1788882544 13386
1788882564 13389
1788882585 13398
1788882605 13391
1788882625 13382
1788882645 13394
1788882665 13416
1788882685 13385
1788882705 13367
1788882725 13392
1788882746 13392
1788882766 13383
1788882786 13384
1788882806 13351
1788882826 13356
1788882846 13450
1788882866 13405
1788882886 13408
1788882906 13357
1788882927 13325
1788882947 13384
1788882967 13389
1788882987 13385
1788883007 13428
1788883027 13427
1788883047 13380
1788883067 13386
1788883088 13376
1788883108 13415
1788883128 13387
1788883148 13394
1788883168 13426
1788883188 13454
1788883208 13323
1788883228 13314
1788883248 13377
1788883269 13390
1788883289 13374
1788883309 13382
1788883329 13437
1788883349 13392
1788883369 13449
1788883389 13402
1788883409 13376
1788883430 13381
1788883450 13390
1788883470 13507
1788883490 13433
1788883510 13532
1788883530 13476
1788883550 13837
1788883570 13799
1788883590 13853
1788883611 13814
1788883631 13814
1788883651 13797
1788883671 13809
1788883691 13813
1788883711 13801
1788883731 13811
1788883751 13855
1788883772 13856
1788883792 13830
1788883812 13822
1788883832 13825
1788883852 13863
1788883872 13851
1788883892 13835
1788883912 13824
1788883933 13790
1788883953 13804
1788883973 13827
1788883993 13816
1788884013 13806
1788884033 13814
1788884053 13843
1788884073 13830
1788884093 13776
1788884114 13788
1788884134 13832
