1788884212 12598
1788884232 13394
1788884253 13556
1788884273 13585
1788884293 13549
1788884313 13555
1788884333 13548
1788884353 13592
1788884373 13552
1788884393 13540
1788884414 13601
1788884434 13551
1788884454 13524
1788884474 13531
1788884494 13556
1788884514 13527
1788884534 13525
1788884554 13543
1788884575 13520
1788884595 13526
1788884615 13531
1788884635 13563
1788884655 13562
1788884675 13535
1788884695 13521
1788884715 13543
1788884736 13516
1788884756 13519
1788884776 13543
1788884796 13551
1788884816 13501
1788884836 13501
1788884856 13516
1788884876 13509
1788884896 13514
1788884917 13516
1788884937 13502
1788884957 13498
1788884977 13517
1788884997 13525
1788885017 13582
1788885037 13523
1788885057 13526
1788885078 13543
1788885098 13534
1788885118 13537
1788885138 13555
1788885158 13547
1788885178 13540
1788885198 13528
1788885218 13571
1788885239 13540
1788885259 13578
1788885279 13610
1788885299 13593
1788885319 13577
1788885339 13577
1788885359 13550
1788885379 13528
1788885399 13562
1788885420 13543
1788885440 13553
1788885460 13537
1788885480 13529
1788885500 13549
1788885520 13553
1788885540 13537
1788885560 13605
1788885581 13571
1788885601 13543
1788885621 13566
1788885641 13395
1788885661 13391
1788885681 13441
1788885701 13398
1788885721 13393
1788885742 13415
1788885762 13407
1788885782 13406
1788885802 13407
1788885822 13402
1788885842 13407
1788885862 13408
1788885882 13404
1788885902 13406
1788885923 13457
1788885943 13718
1788885963 13677
1788885983 13667
1788886003 13582
1788886023 13523
1788886043 13500
1788886063 13540
1788886084 13497
1788886104 13496
1788886124 13475
1788886144 13487
1788886164 13485
1788886184 13759
1788886204 13701
1788886224 13652
1788886244 13593
1788886265 13607
1788886285 13595
1788886305 13628
1788886325 13636
1788886345 13625
1788886365 13644
1788886385 13627
1788886405 13581
1788886426 13629
1788886446 13626
1788886466 13571
1788886486 13413
1788886506 13723
1788886526 13646
1788886546 13683
1788886566 13681
1788886586 13644
1788886607 13644
1788886627 13654
1788886647 13691
1788886667 13634
1788886687 13629
1788886707 13635
1788886727 13672
1788886747 13615
1788886768 13613
1788886788 13697
1788886808 13590
1788886828 13602
1788886848 13598
1788886868 13627
1788886888 13589
1788886908 13627
1788886929 13592
1788886949 13592
1788886969 13599
1788886989 13586
1788887009 13587
1788887029 13567
1788887049 13582
1788887069 13591
1788887089 13595
1788887110 13630
1788887130 13598
1788887150 13643
1788887170 13602
1788887190 13594
1788887210 13599
1788887230 13665
1788887250 13628
1788887271 13613
1788887291 13591
1788887311 13601
1788887331 13611
1788887351 13608
1788887371 13605
1788887391 13589
1788887411 13599
1788887432 13642
1788887452 13583
1788887472 13584
1788887492 13608
1788887512 13617
1788887532 13581
1788887552 13602
1788887572 13584
1788887592 13585
1788887613 13579
1788887633 13578
1788887653 13584
1788887673 13585
1788887693 13632
1788887713 13600
1788887733 13548
1788887753 13657
1788887774 13646
1788887794 13647
1788887814 13599
1788887834 13679
1788887854 13626
1788887874 13629
1788887894 13612
1788887914 13595
1788887935 13668
1788887955 13870
1788887975 13639
1788887995 13616
1788888015 13615
1788888035 13604
1788888055 13624
1788888075 13462
1788888095 13487
1788888116 13520
1788888136 13409
1788888156 13451
1788888176 13502
1788888196 13548
1788888216 13507
1788888236 13484
1788888256 13474
1788888277 13519
1788888297 13510
1788888317 13445
1788888337 13410
1788888357 13540
1788888377 13531
1788888397 13483
1788888417 13470
1788888437 13466
1788888458 13487
1788888478 13464
1788888498 13475
1788888518 13434
1788888538 13489
